# P, S,  Color, Level, Delay, D Lev, Delta Del, CMP, CMP Del, CMP Lev, Pix, State
  0, 0, FF0000,   255,   100,     0,        -1,    1,       0,       0,  0, 1
  0, 1, 000000,   255,     1,     0,        -1,    1,       0,       0,  1, 1
  1, 0, 000000,   255,     1,     0,        -1,    1,       0,       0,  0, 0
  1, 1, FF0000,   255,   100,     0,        -1,    1,       0,       0,  1, 0
#
  3, 0, FF0000,   255,     0,    -1,         0,    4,       0,       0,  3, 1
  3, 1, FF0000,     0,     0,     1,         0,    4,       0,     255,  3, 0
  4, 0, E8910E,   255,     0,     0,         0,    8,       0,       0,  4, 0
#!vim:tw=120
